# epoch	training_loss	training_acc	validation_loss	validation_acc
1	1.0864	0.5516	0.9617	0.6046
2	0.6947	0.6221	1.0165	0.5018
3	0.6182	0.6638	4.2834	0.5323
4	0.5497	0.7220	0.8467	0.5987
5	0.4966	0.7650	0.3167	0.8635
6	0.4297	0.8065	0.3464	0.8463
7	0.4018	0.8367	0.4371	0.7888
8	0.3651	0.8477	0.2633	0.8925
9	0.3180	0.8779	0.3888	0.8530
10	0.2944	0.8852	0.2776	0.8878
11	0.2867	0.8894	0.4968	0.7896
12	0.2629	0.9019	1.0283	0.6562
13	0.2477	0.9095	0.3844	0.8682
14	0.2275	0.9142	0.1909	0.9257
15	0.2125	0.9275	0.1892	0.9276
16	0.2222	0.9236	0.1591	0.9472
17	0.2015	0.9340	0.2485	0.9054
18	0.2009	0.9351	0.1633	0.9406
19	0.1900	0.9353	1.4906	0.6437
20	0.1860	0.9361	0.2022	0.9429
21	0.1723	0.9358	0.1872	0.9339
22	0.1901	0.9343	0.1680	0.9406
23	0.1789	0.9416	0.1591	0.9456
24	0.1880	0.9382	0.2682	0.8799
25	0.1790	0.9374	0.1864	0.9413
26	0.1490	0.9499	0.1708	0.9492
27	0.1542	0.9481	0.1694	0.9515
28	0.1694	0.9457	0.1973	0.9218
29	0.1512	0.9523	0.1802	0.9370
30	0.1451	0.9559	0.1859	0.9261
31	0.1403	0.9486	0.2055	0.9190
32	0.1406	0.9549	0.2165	0.9233
33	0.1381	0.9562	0.1411	0.9582
34	0.1251	0.9604	0.1560	0.9449
35	0.1253	0.9593	0.1591	0.9445
36	0.1367	0.9572	0.1712	0.9398
37	0.1336	0.9583	0.1686	0.9370
38	0.1452	0.9559	0.1997	0.9284
39	0.1318	0.9583	0.1809	0.9300
40	0.1267	0.9588	0.1554	0.9589
41	0.1218	0.9624	0.4284	0.8819
42	0.1254	0.9635	0.1540	0.9449
43	0.1366	0.9575	0.2554	0.9171
44	0.1183	0.9637	0.1163	0.9703
45	0.1288	0.9632	0.1198	0.9601
46	0.1244	0.9619	0.1647	0.9562
47	0.1255	0.9611	0.2623	0.9257
48	0.1112	0.9677	0.1610	0.9496
49	0.1300	0.9583	0.1788	0.9460
50	0.1029	0.9708	0.1234	0.9617
51	0.1043	0.9684	0.2046	0.9359
52	0.1150	0.9687	0.2443	0.9296
53	0.1062	0.9677	0.1299	0.9574
54	0.1110	0.9690	0.1184	0.9617
55	0.1052	0.9692	0.1375	0.9613
56	0.0976	0.9690	0.1708	0.9394
57	0.1082	0.9666	0.1378	0.9570
58	0.0936	0.9710	0.1120	0.9613
59	0.1009	0.9690	0.1241	0.9589
60	0.1034	0.9650	0.3537	0.8921
61	0.1117	0.9627	0.1227	0.9644
62	0.1067	0.9671	0.1105	0.9589
63	0.0962	0.9718	0.2439	0.9163
64	0.1013	0.9705	0.1303	0.9675
65	0.0896	0.9718	0.1103	0.9722
66	0.1009	0.9710	0.1400	0.9472
67	0.0952	0.9718	0.1507	0.9492
68	0.0984	0.9695	0.1438	0.9484
69	0.0942	0.9729	0.1182	0.9640
70	0.0889	0.9718	0.3444	0.8991
71	0.0995	0.9710	0.1966	0.9421
72	0.0783	0.9750	0.1154	0.9715
73	0.0714	0.9768	0.1181	0.9632
74	0.0990	0.9731	0.1195	0.9593
75	0.0745	0.9768	0.1887	0.9476
76	0.1021	0.9684	0.0870	0.9707
77	0.0850	0.9770	0.1757	0.9425
78	0.0891	0.9763	0.1477	0.9523
79	0.0796	0.9757	0.1361	0.9597
80	0.0769	0.9731	0.1101	0.9711
81	0.0693	0.9776	0.0936	0.9734
82	0.0749	0.9784	0.1673	0.9562
83	0.0787	0.9750	0.1146	0.9715
84	0.0833	0.9763	0.1138	0.9699
85	0.0896	0.9757	0.1063	0.9734
86	0.0762	0.9760	0.1158	0.9644
87	0.0691	0.9747	0.1801	0.9625
88	0.0827	0.9750	0.1194	0.9562
89	0.0740	0.9802	0.1448	0.9566
90	0.0689	0.9794	0.1583	0.9539
91	0.0754	0.9742	0.1277	0.9625
92	0.0741	0.9791	0.1199	0.9593
93	0.0671	0.9810	0.1152	0.9699
94	0.0636	0.9815	0.1137	0.9754
95	0.0697	0.9770	0.1486	0.9550
96	0.0630	0.9791	0.1259	0.9609
97	0.0631	0.9812	0.1192	0.9621
98	0.0587	0.9820	0.1466	0.9715
99	0.0634	0.9797	0.1065	0.9703
100	0.0657	0.9820	0.1228	0.9699
101	0.0650	0.9807	0.1200	0.9640
102	0.0556	0.9825	0.1292	0.9695
103	0.0647	0.9791	0.0953	0.9664
104	0.0601	0.9820	0.1353	0.9605
105	0.0576	0.9844	0.1122	0.9687
106	0.0631	0.9799	0.0928	0.9726
107	0.0637	0.9844	0.2314	0.9527
108	0.0570	0.9838	0.1362	0.9601
109	0.0557	0.9859	0.1188	0.9699
110	0.0606	0.9844	0.1265	0.9621
111	0.0483	0.9854	0.1548	0.9656
112	0.0598	0.9830	0.1193	0.9625
113	0.0563	0.9854	0.1276	0.9671
114	0.0598	0.9830	0.1292	0.9687
115	0.0600	0.9823	0.1240	0.9632
116	0.0464	0.9846	0.1195	0.9699
117	0.0514	0.9857	0.1224	0.9648
118	0.0566	0.9867	0.2532	0.9394
119	0.0521	0.9828	0.1530	0.9570
120	0.0502	0.9859	0.1274	0.9585
121	0.0552	0.9844	0.1313	0.9632
122	0.0541	0.9854	0.2926	0.9249
123	0.0675	0.9817	0.1561	0.9593
124	0.0440	0.9859	0.1889	0.9542
125	0.0522	0.9836	0.1077	0.9715
126	0.0509	0.9859	0.1458	0.9515
127	0.0519	0.9875	0.5190	0.8917
128	0.0639	0.9828	0.1836	0.9370
129	0.0462	0.9870	0.1483	0.9539
130	0.0545	0.9849	0.0963	0.9671
131	0.0481	0.9857	0.1265	0.9644
132	0.0528	0.9849	0.1341	0.9648
133	0.0389	0.9903	0.1269	0.9707
134	0.0458	0.9867	0.1987	0.9413
135	0.0494	0.9859	0.1580	0.9433
136	0.0452	0.9880	0.1084	0.9664
137	0.0407	0.9870	0.2075	0.9601
138	0.0381	0.9885	0.1716	0.9539
139	0.0446	0.9864	0.1414	0.9644
140	0.0514	0.9864	0.1227	0.9703
141	0.0399	0.9883	0.1737	0.9613
142	0.0431	0.9864	0.1865	0.9464
143	0.0436	0.9877	0.1061	0.9722
144	0.0415	0.9883	0.1236	0.9668
145	0.0429	0.9883	0.1254	0.9648
146	0.0420	0.9877	0.1939	0.9562
147	0.0434	0.9890	0.1244	0.9687
148	0.0369	0.9896	0.1288	0.9632
149	0.0465	0.9862	0.1371	0.9566
150	0.0383	0.9911	0.0907	0.9750
151	0.0481	0.9875	0.1595	0.9496
152	0.0373	0.9893	0.1725	0.9691
153	0.0417	0.9880	0.0997	0.9738
154	0.0467	0.9888	0.1057	0.9675
155	0.0345	0.9872	0.1124	0.9742
156	0.0438	0.9867	0.0990	0.9746
157	0.0442	0.9885	0.1240	0.9683
158	0.0318	0.9888	0.2936	0.9355
159	0.0425	0.9888	0.1216	0.9628
160	0.0430	0.9880	0.1541	0.9542
161	0.0373	0.9890	0.1309	0.9699
162	0.0295	0.9911	0.1130	0.9726
163	0.0352	0.9893	0.2039	0.9468
164	0.0389	0.9883	0.1165	0.9621
165	0.0347	0.9903	0.1284	0.9640
166	0.0320	0.9903	0.2307	0.9449
167	0.0390	0.9885	0.1696	0.9574
168	0.0340	0.9893	0.1305	0.9660
169	0.0304	0.9909	0.2113	0.9550
170	0.0358	0.9896	0.1254	0.9668
171	0.0343	0.9898	0.2386	0.9542
172	0.0355	0.9896	0.1422	0.9699
173	0.0330	0.9903	0.1893	0.9593
174	0.0305	0.9906	0.1384	0.9715
175	0.0293	0.9901	0.1691	0.9691
176	0.0397	0.9885	0.1274	0.9699
177	0.0322	0.9898	0.1104	0.9746
178	0.0328	0.9909	0.1242	0.9699
179	0.0296	0.9906	0.1428	0.9675
180	0.0308	0.9911	0.1862	0.9574
181	0.0277	0.9909	0.1725	0.9535
182	0.0318	0.9914	0.1087	0.9718
183	0.0375	0.9906	0.1234	0.9738
184	0.0325	0.9903	0.1549	0.9625
185	0.0283	0.9924	0.1889	0.9671
186	0.0219	0.9932	0.1448	0.9668
187	0.0338	0.9909	0.1471	0.9707
188	0.0261	0.9911	0.1195	0.9711
189	0.0275	0.9911	0.1413	0.9691
190	0.0361	0.9898	0.1751	0.9574
191	0.0376	0.9906	0.1204	0.9605
192	0.0347	0.9911	0.1246	0.9668
193	0.0264	0.9927	0.1888	0.9558
194	0.0192	0.9953	0.1265	0.9738
195	0.0303	0.9903	0.1495	0.9679
196	0.0272	0.9930	0.1720	0.9632
197	0.0318	0.9917	0.1257	0.9687
198	0.0273	0.9914	0.1365	0.9707
199	0.0182	0.9937	0.1885	0.9617
200	0.0348	0.9896	0.1422	0.9601
201	0.0247	0.9927	0.1591	0.9652
202	0.0216	0.9927	0.1798	0.9628
203	0.0283	0.9932	0.1311	0.9683
204	0.0298	0.9911	0.1476	0.9640
205	0.0197	0.9932	0.1354	0.9715
206	0.0305	0.9903	0.1240	0.9589
207	0.0273	0.9924	0.1543	0.9628
208	0.0261	0.9919	0.1835	0.9539
209	0.0304	0.9906	0.1908	0.9601
210	0.0205	0.9932	0.1585	0.9656
211	0.0294	0.9930	0.1202	0.9742
212	0.0254	0.9937	0.1684	0.9660
213	0.0293	0.9924	0.1324	0.9707
214	0.0221	0.9930	0.1352	0.9675
215	0.0225	0.9948	0.1578	0.9675
216	0.0255	0.9911	0.1501	0.9628
217	0.0279	0.9930	0.1265	0.9617
218	0.0250	0.9927	0.1144	0.9687
219	0.0204	0.9937	0.1329	0.9675
220	0.0244	0.9932	0.1287	0.9734
221	0.0240	0.9922	0.1503	0.9640
222	0.0215	0.9956	0.2203	0.9632
223	0.0248	0.9932	0.1594	0.9656
224	0.0269	0.9914	0.1407	0.9718
225	0.0242	0.9930	0.1034	0.9769
226	0.0257	0.9924	0.2183	0.9554
227	0.0289	0.9911	0.0951	0.9758
228	0.0236	0.9932	0.1308	0.9715
229	0.0213	0.9922	0.1764	0.9656
230	0.0267	0.9935	0.1338	0.9668
231	0.0170	0.9940	0.1674	0.9632
232	0.0224	0.9958	0.1691	0.9531
233	0.0203	0.9948	0.0993	0.9746
234	0.0210	0.9948	0.1460	0.9691
235	0.0243	0.9943	0.1024	0.9695
236	0.0244	0.9922	0.1930	0.9691
237	0.0234	0.9940	0.1235	0.9711
238	0.0228	0.9950	0.1658	0.9625
239	0.0209	0.9948	0.1451	0.9695
240	0.0174	0.9956	0.1364	0.9730
241	0.0250	0.9924	0.1849	0.9582
242	0.0205	0.9956	0.1456	0.9675
243	0.0220	0.9930	0.1387	0.9695
244	0.0238	0.9924	0.1604	0.9671
245	0.0231	0.9937	0.1036	0.9679
246	0.0242	0.9930	0.1442	0.9628
247	0.0187	0.9937	0.2225	0.9406
248	0.0199	0.9940	0.1098	0.9808
249	0.0240	0.9927	0.1766	0.9668
250	0.0247	0.9932	0.1438	0.9742
251	0.0292	0.9903	0.1429	0.9699
252	0.0195	0.9940	0.1177	0.9687
253	0.0157	0.9961	0.1680	0.9589
254	0.0213	0.9940	0.1474	0.9617
255	0.0227	0.9943	0.1520	0.9691
256	0.0168	0.9961	0.1758	0.9605
257	0.0214	0.9943	0.1325	0.9668
258	0.0226	0.9937	0.1584	0.9625
259	0.0152	0.9966	0.1716	0.9711
260	0.0165	0.9948	0.2241	0.9535
261	0.0167	0.9953	0.1749	0.9695
262	0.0170	0.9945	0.1446	0.9715
263	0.0155	0.9961	0.1481	0.9660
264	0.0264	0.9924	0.1631	0.9574
265	0.0208	0.9940	0.1244	0.9668
266	0.0139	0.9958	0.1373	0.9707
267	0.0150	0.9963	0.1663	0.9734
268	0.0121	0.9961	0.2705	0.9578
269	0.0246	0.9919	0.1853	0.9632
270	0.0167	0.9937	0.1455	0.9738
271	0.0195	0.9953	0.2061	0.9644
272	0.0140	0.9969	0.1766	0.9687
273	0.0152	0.9950	0.1660	0.9707
274	0.0229	0.9932	0.1866	0.9601
275	0.0173	0.9958	0.2294	0.9558
276	0.0232	0.9940	0.1621	0.9652
277	0.0197	0.9961	0.1417	0.9679
278	0.0130	0.9963	0.2027	0.9605
279	0.0161	0.9956	0.2998	0.9323
280	0.0193	0.9935	0.2134	0.9621
281	0.0210	0.9945	0.1572	0.9656
282	0.0166	0.9966	0.1726	0.9648
283	0.0142	0.9961	0.2196	0.9640
284	0.0170	0.9963	0.1473	0.9707
285	0.0140	0.9943	0.1907	0.9617
286	0.0134	0.9950	0.1893	0.9656
287	0.0127	0.9963	0.2017	0.9683
288	0.0170	0.9927	0.1642	0.9754
289	0.0195	0.9950	0.1756	0.9648
290	0.0118	0.9977	0.1369	0.9675
291	0.0129	0.9956	0.1612	0.9718
292	0.0165	0.9961	0.1976	0.9484
293	0.0153	0.9950	0.1343	0.9675
294	0.0156	0.9950	0.1414	0.9695
295	0.0112	0.9969	0.1553	0.9671
296	0.0156	0.9961	0.1620	0.9660
297	0.0220	0.9927	0.1523	0.9679
298	0.0121	0.9963	0.2193	0.9613
299	0.0171	0.9958	0.1314	0.9711
300	0.0138	0.9953	0.1906	0.9656
301	0.0089	0.9974	0.2028	0.9668
302	0.0154	0.9953	0.2617	0.9578
303	0.0154	0.9932	0.2132	0.9589
304	0.0205	0.9950	0.1289	0.9660
305	0.0146	0.9961	0.2316	0.9578
306	0.0165	0.9956	0.1826	0.9621
307	0.0138	0.9948	0.1590	0.9707
308	0.0137	0.9963	0.1649	0.9613
309	0.0187	0.9956	0.1875	0.9496
310	0.0068	0.9982	0.2165	0.9601
311	0.0166	0.9943	0.1591	0.9660
312	0.0083	0.9974	0.2041	0.9707
313	0.0124	0.9974	0.1484	0.9715
314	0.0132	0.9969	0.1924	0.9628
315	0.0153	0.9953	0.1445	0.9664
316	0.0166	0.9945	0.1879	0.9628
317	0.0161	0.9963	0.2147	0.9601
318	0.0097	0.9969	0.2005	0.9683
319	0.0103	0.9963	0.1794	0.9683
320	0.0170	0.9950	0.1505	0.9715
321	0.0135	0.9969	0.1923	0.9609
322	0.0127	0.9956	0.1726	0.9683
323	0.0156	0.9956	0.1459	0.9707
324	0.0146	0.9945	0.1771	0.9664
325	0.0068	0.9982	0.1749	0.9664
326	0.0153	0.9958	0.1807	0.9648
327	0.0105	0.9969	0.1716	0.9691
328	0.0141	0.9956	0.2263	0.9582
329	0.0166	0.9961	0.3531	0.9261
330	0.0136	0.9961	0.1716	0.9621
331	0.0093	0.9969	0.1462	0.9715
332	0.0191	0.9958	0.1740	0.9648
333	0.0125	0.9966	0.1458	0.9687
334	0.0083	0.9971	0.1558	0.9718
335	0.0113	0.9974	0.1535	0.9652
336	0.0136	0.9950	0.1758	0.9679
337	0.0120	0.9958	0.1542	0.9691
338	0.0097	0.9971	0.1965	0.9656
339	0.0109	0.9971	0.1682	0.9695
340	0.0084	0.9984	0.1403	0.9722
341	0.0148	0.9953	0.1578	0.9628
342	0.0112	0.9958	0.1472	0.9758
343	0.0115	0.9948	0.1802	0.9703
344	0.0045	0.9982	0.2410	0.9609
345	0.0121	0.9961	0.1449	0.9699
346	0.0175	0.9977	0.1682	0.9679
347	0.0111	0.9963	0.1327	0.9742
348	0.0088	0.9971	0.1598	0.9707
349	0.0086	0.9971	0.2058	0.9621
350	0.0107	0.9969	0.1576	0.9707
351	0.0155	0.9948	0.2397	0.9617
352	0.0110	0.9969	0.1959	0.9691
353	0.0096	0.9979	0.4380	0.9265
354	0.0205	0.9961	0.2064	0.9570
355	0.0066	0.9977	0.1549	0.9707
356	0.0085	0.9969	0.2218	0.9617
357	0.0104	0.9963	0.1601	0.9726
358	0.0123	0.9958	0.2049	0.9679
359	0.0078	0.9974	0.3358	0.9343
360	0.0105	0.9971	0.1597	0.9656
361	0.0072	0.9974	0.1534	0.9746
362	0.0156	0.9950	0.1429	0.9683
363	0.0144	0.9961	0.1855	0.9695
364	0.0072	0.9971	0.2364	0.9554
365	0.0080	0.9977	0.1946	0.9683
366	0.0169	0.9963	0.1251	0.9742
367	0.0082	0.9971	0.1531	0.9726
368	0.0071	0.9982	0.1628	0.9746
369	0.0043	0.9984	0.2308	0.9593
370	0.0109	0.9953	0.1695	0.9699
371	0.0157	0.9950	0.1562	0.9703
372	0.0097	0.9969	0.1508	0.9730
373	0.0059	0.9984	0.1765	0.9726
374	0.0116	0.9958	0.1804	0.9652
375	0.0059	0.9977	0.2421	0.9621
376	0.0127	0.9966	0.1599	0.9734
377	0.0117	0.9971	0.1449	0.9695
378	0.0074	0.9974	0.2152	0.9632
379	0.0103	0.9969	0.1642	0.9730
380	0.0059	0.9969	0.2393	0.9699
381	0.0060	0.9974	0.2311	0.9671
382	0.0079	0.9979	0.2458	0.9675
383	0.0075	0.9971	0.1831	0.9660
384	0.0119	0.9971	0.1712	0.9738
385	0.0052	0.9990	0.1834	0.9691
386	0.0114	0.9971	0.3440	0.9488
387	0.0070	0.9977	0.2217	0.9699
388	0.0099	0.9977	0.2092	0.9671
389	0.0094	0.9977	0.1587	0.9699
390	0.0065	0.9971	0.1828	0.9683
391	0.0067	0.9977	0.2231	0.9687
392	0.0127	0.9963	0.1582	0.9636
393	0.0052	0.9979	0.1640	0.9730
394	0.0118	0.9969	0.1323	0.9726
395	0.0093	0.9953	0.1872	0.9664
396	0.0036	0.9987	0.2157	0.9758
397	0.0077	0.9979	0.2899	0.9648
398	0.0098	0.9979	0.2293	0.9625
399	0.0104	0.9963	0.1713	0.9715
400	0.0097	0.9956	0.1788	0.9679
401	0.0098	0.9969	0.2158	0.9675
402	0.0119	0.9956	0.1871	0.9550
403	0.0054	0.9987	0.1965	0.9730
404	0.0117	0.9974	0.2880	0.9589
405	0.0071	0.9984	0.2817	0.9531
406	0.0135	0.9966	0.1853	0.9726
407	0.0096	0.9969	0.1973	0.9597
408	0.0098	0.9969	0.1669	0.9711
409	0.0147	0.9963	0.2150	0.9601
410	0.0052	0.9979	0.1428	0.9711
411	0.0044	0.9987	0.1796	0.9754
412	0.0050	0.9979	0.1751	0.9793
413	0.0084	0.9977	0.1671	0.9652
414	0.0097	0.9971	0.2509	0.9609
415	0.0109	0.9971	0.2270	0.9664
416	0.0070	0.9971	0.2280	0.9703
417	0.0086	0.9979	0.2069	0.9664
418	0.0129	0.9974	0.1306	0.9675
419	0.0119	0.9966	0.1356	0.9683
420	0.0060	0.9984	0.1876	0.9699
421	0.0062	0.9984	0.2168	0.9691
422	0.0038	0.9990	0.2288	0.9683
423	0.0117	0.9963	0.2385	0.9601
424	0.0045	0.9982	0.1842	0.9715
425	0.0185	0.9974	0.1813	0.9671
426	0.0109	0.9969	0.4341	0.9308
427	0.0046	0.9982	0.1539	0.9734
428	0.0066	0.9979	0.1735	0.9691
429	0.0088	0.9977	0.1311	0.9734
430	0.0122	0.9963	0.1614	0.9699
431	0.0062	0.9974	0.1657	0.9746
432	0.0063	0.9977	0.1864	0.9625
433	0.0067	0.9984	0.1607	0.9754
434	0.0049	0.9992	0.2213	0.9707
435	0.0054	0.9984	0.1945	0.9711
436	0.0067	0.9984	0.2154	0.9664
437	0.0097	0.9982	0.2087	0.9715
438	0.0111	0.9971	0.2073	0.9636
439	0.0087	0.9963	0.2591	0.9515
440	0.0080	0.9969	0.1787	0.9640
441	0.0127	0.9969	0.1140	0.9734
442	0.0046	0.9982	0.1528	0.9797
443	0.0076	0.9977	0.2006	0.9722
444	0.0101	0.9982	0.1854	0.9675
445	0.0066	0.9982	0.1758	0.9711
446	0.0033	0.9990	0.2869	0.9636
447	0.0124	0.9963	0.1918	0.9718
448	0.0054	0.9984	0.2058	0.9746
449	0.0084	0.9990	0.2111	0.9726
450	0.0090	0.9982	0.1508	0.9761
451	0.0078	0.9982	0.1844	0.9691
452	0.0060	0.9990	0.2458	0.9640
453	0.0056	0.9979	0.2092	0.9566
454	0.0034	0.9997	0.1890	0.9734
455	0.0054	0.9982	0.3400	0.9566
456	0.0075	0.9977	0.2635	0.9687
457	0.0061	0.9974	0.2061	0.9703
458	0.0031	0.9987	0.1919	0.9758
459	0.0106	0.9953	0.2653	0.9625
460	0.0043	0.9992	0.2495	0.9726
461	0.0035	0.9987	0.2228	0.9722
462	0.0035	0.9987	0.2047	0.9754
463	0.0064	0.9974	0.1970	0.9722
464	0.0035	0.9987	0.2578	0.9671
465	0.0035	0.9987	0.3561	0.9566
466	0.0070	0.9974	0.2270	0.9707
467	0.0128	0.9969	0.2351	0.9664
468	0.0105	0.9966	0.2241	0.9585
469	0.0060	0.9990	0.2027	0.9660
470	0.0055	0.9977	0.1629	0.9742
471	0.0113	0.9963	0.2489	0.9515
472	0.0045	0.9984	0.1667	0.9726
473	0.0029	0.9984	0.1741	0.9773
474	0.0068	0.9974	0.2292	0.9691
475	0.0038	0.9987	0.1736	0.9738
476	0.0132	0.9974	0.1310	0.9754
477	0.0040	0.9990	0.1824	0.9722
478	0.0078	0.9977	0.1440	0.9738
479	0.0061	0.9979	0.1632	0.9722
480	0.0128	0.9969	0.1823	0.9644
481	0.0095	0.9969	0.1535	0.9683
482	0.0045	0.9979	0.1706	0.9754
483	0.0048	0.9984	0.2430	0.9703
484	0.0090	0.9977	0.1552	0.9758
485	0.0054	0.9977	0.2419	0.9691
486	0.0067	0.9982	0.1625	0.9754
487	0.0096	0.9979	0.1858	0.9640
488	0.0085	0.9979	0.1664	0.9722
489	0.0047	0.9990	0.1530	0.9738
490	0.0104	0.9977	0.1538	0.9730
491	0.0092	0.9977	0.1832	0.9707
492	0.0066	0.9977	0.2065	0.9605
493	0.0026	0.9990	0.1667	0.9793
494	0.0056	0.9987	0.2119	0.9671
495	0.0028	0.9984	0.2070	0.9699
496	0.0093	0.9969	0.1912	0.9758
497	0.0074	0.9987	0.1563	0.9742
498	0.0043	0.9984	0.2200	0.9722
499	0.0115	0.9963	0.1869	0.9648
500	0.0030	0.9992	0.1424	0.9761
501	0.0045	0.9984	0.2091	0.9679
502	0.0023	0.9990	0.2024	0.9746
503	0.0092	0.9977	0.2034	0.9711
504	0.0048	0.9984	0.1860	0.9761
505	0.0021	1.0000	0.2446	0.9734
506	0.0065	0.9966	0.2143	0.9750
507	0.0068	0.9982	0.1520	0.9769
508	0.0039	0.9987	0.2015	0.9715
509	0.0086	0.9979	0.1912	0.9722
510	0.0064	0.9984	0.2042	0.9734
511	0.0025	0.9987	0.2757	0.9546
512	0.0039	0.9992	0.1805	0.9746
513	0.0052	0.9984	0.2069	0.9707
514	0.0094	0.9974	0.2012	0.9730
515	0.0066	0.9966	0.1882	0.9695
516	0.0079	0.9979	0.1652	0.9722
517	0.0062	0.9971	0.1910	0.9675
518	0.0057	0.9987	0.1998	0.9758
519	0.0069	0.9984	0.2952	0.9562
520	0.0086	0.9979	0.2014	0.9695
521	0.0110	0.9969	0.1695	0.9656
522	0.0046	0.9990	0.1693	0.9699
523	0.0036	0.9984	0.1567	0.9711
524	0.0063	0.9977	0.1658	0.9711
525	0.0021	0.9995	0.1978	0.9765
526	0.0063	0.9979	0.2076	0.9711
527	0.0076	0.9982	0.4032	0.9456
528	0.0072	0.9977	0.2211	0.9593
529	0.0035	0.9982	0.2201	0.9715
530	0.0020	0.9995	0.2572	0.9679
531	0.0120	0.9977	0.1743	0.9730
532	0.0086	0.9977	0.1549	0.9742
533	0.0061	0.9974	0.1796	0.9703
534	0.0046	0.9990	0.1577	0.9758
535	0.0049	0.9992	0.1750	0.9750
536	0.0070	0.9974	0.2052	0.9730
537	0.0017	0.9995	0.2053	0.9758
538	0.0047	0.9984	0.1776	0.9750
539	0.0057	0.9977	0.2449	0.9632
540	0.0065	0.9971	0.1719	0.9660
541	0.0031	0.9995	0.2079	0.9707
542	0.0054	0.9990	0.1829	0.9746
543	0.0054	0.9987	0.1866	0.9734
544	0.0018	0.9997	0.1986	0.9715
545	0.0059	0.9984	0.1774	0.9769
546	0.0087	0.9971	0.2073	0.9703
547	0.0032	0.9995	0.2338	0.9683
548	0.0062	0.9982	0.2188	0.9687
549	0.0046	0.9992	0.1755	0.9718
550	0.0067	0.9971	0.1950	0.9769
551	0.0036	0.9984	0.2415	0.9699
552	0.0038	0.9979	0.2450	0.9668
553	0.0059	0.9979	0.2145	0.9687
554	0.0053	0.9982	0.2369	0.9671
555	0.0103	0.9963	0.1434	0.9730
556	0.0027	0.9995	0.2018	0.9679
557	0.0050	0.9977	0.2811	0.9628
558	0.0020	0.9990	0.2424	0.9683
559	0.0069	0.9992	0.3071	0.9625
560	0.0054	0.9974	0.2002	0.9761
561	0.0025	0.9990	0.2796	0.9644
562	0.0069	0.9971	0.2726	0.9699
563	0.0063	0.9982	0.2336	0.9695
564	0.0046	0.9977	0.1917	0.9750
565	0.0046	0.9979	0.3159	0.9644
566	0.0044	0.9979	0.1984	0.9738
567	0.0036	0.9982	0.2545	0.9652
568	0.0086	0.9974	0.2309	0.9597
569	0.0033	0.9990	0.2083	0.9738
570	0.0106	0.9969	0.1857	0.9726
571	0.0050	0.9990	0.1832	0.9711
572	0.0024	0.9992	0.2264	0.9726
573	0.0091	0.9979	0.2800	0.9648
574	0.0049	0.9984	0.3182	0.9582
575	0.0078	0.9992	0.1864	0.9738
576	0.0083	0.9987	0.1891	0.9679
577	0.0104	0.9971	0.1721	0.9718
578	0.0022	0.9995	0.1554	0.9754
579	0.0038	0.9990	0.1518	0.9804
580	0.0057	0.9979	0.2805	0.9707
581	0.0073	0.9984	0.1858	0.9715
582	0.0066	0.9984	0.1685	0.9746
583	0.0040	0.9982	0.2410	0.9695
584	0.0021	0.9992	0.2219	0.9711
585	0.0038	0.9987	0.1874	0.9754
586	0.0034	0.9982	0.2258	0.9730
587	0.0024	0.9990	0.2337	0.9761
588	0.0028	0.9987	0.2206	0.9761
589	0.0042	0.9984	0.2144	0.9750
590	0.0086	0.9977	0.2004	0.9738
591	0.0065	0.9979	0.2062	0.9730
592	0.0037	0.9992	0.2417	0.9715
593	0.0067	0.9987	0.2075	0.9671
594	0.0063	0.9979	0.2018	0.9730
595	0.0069	0.9990	0.1829	0.9711
596	0.0032	0.9982	0.2015	0.9738
597	0.0066	0.9971	0.2110	0.9699
598	0.0038	0.9982	0.1958	0.9758
599	0.0044	0.9984	0.2096	0.9730
600	0.0045	0.9987	0.2415	0.9703
601	0.0046	0.9987	0.4852	0.9417
602	0.0045	0.9984	0.2195	0.9691
603	0.0050	0.9982	0.2068	0.9754
604	0.0048	0.9992	0.1840	0.9754
605	0.0035	0.9987	0.1931	0.9777
606	0.0075	0.9974	0.2221	0.9734
607	0.0066	0.9979	0.1604	0.9754
608	0.0018	0.9990	0.1805	0.9785
609	0.0046	0.9982	0.2081	0.9738
610	0.0050	0.9979	0.2135	0.9722
611	0.0095	0.9974	0.1786	0.9715
612	0.0030	0.9995	0.2239	0.9758
613	0.0025	0.9992	0.1945	0.9765
614	0.0102	0.9984	0.2279	0.9644
615	0.0064	0.9974	0.2097	0.9679
616	0.0054	0.9984	0.2364	0.9648
617	0.0086	0.9971	0.2244	0.9679
618	0.0042	0.9990	0.1715	0.9722
619	0.0081	0.9977	0.1656	0.9734
620	0.0020	0.9992	0.2554	0.9648
621	0.0067	0.9982	0.1792	0.9758
622	0.0071	0.9987	0.1639	0.9730
623	0.0028	0.9990	0.1948	0.9754
624	0.0020	0.9990	0.2145	0.9754
625	0.0034	0.9982	0.2678	0.9722
626	0.0102	0.9966	0.2083	0.9742
627	0.0094	0.9961	0.1509	0.9726
628	0.0014	0.9997	0.2000	0.9742
629	0.0019	0.9990	0.1867	0.9793
630	0.0052	0.9979	0.3135	0.9652
631	0.0058	0.9992	0.4736	0.9351
632	0.0058	0.9987	0.1934	0.9758
633	0.0054	0.9987	0.1913	0.9781
634	0.0056	0.9977	0.1662	0.9652
635	0.0086	0.9974	0.1730	0.9750
636	0.0039	0.9990	0.2027	0.9679
637	0.0048	0.9982	0.1789	0.9758
638	0.0029	0.9984	0.1798	0.9730
639	0.0022	0.9987	0.2993	0.9730
640	0.0037	0.9987	0.3801	0.9472
641	0.0027	0.9984	0.3591	0.9542
642	0.0032	0.9984	0.1646	0.9797
643	0.0024	0.9992	0.1903	0.9742
644	0.0073	0.9984	0.2153	0.9742
645	0.0033	0.9987	0.2199	0.9722
646	0.0027	0.9977	0.2075	0.9742
647	0.0115	0.9974	0.1775	0.9718
648	0.0018	0.9995	0.2375	0.9683
649	0.0030	0.9990	0.2808	0.9671
650	0.0033	0.9995	0.2103	0.9683
651	0.0046	0.9982	0.2198	0.9718
652	0.0037	0.9984	0.1913	0.9773
653	0.0045	0.9982	0.1581	0.9761
654	0.0027	0.9992	0.1733	0.9761
655	0.0047	0.9984	0.2445	0.9746
656	0.0023	0.9987	0.2726	0.9722
657	0.0034	0.9992	0.3151	0.9605
658	0.0017	0.9990	0.3109	0.9679
659	0.0039	0.9982	0.2416	0.9754
660	0.0065	0.9979	0.1983	0.9715
661	0.0091	0.9984	0.2082	0.9754
662	0.0023	0.9992	0.2192	0.9750
663	0.0024	0.9990	0.1999	0.9746
664	0.0075	0.9992	0.2276	0.9656
665	0.0062	0.9990	0.2143	0.9707
666	0.0027	0.9995	0.1834	0.9738
667	0.0023	0.9995	0.2259	0.9711
668	0.0024	0.9987	0.1934	0.9750
669	0.0055	0.9977	0.1726	0.9754
670	0.0025	0.9984	0.2496	0.9734
671	0.0047	0.9982	0.2239	0.9761
672	0.0072	0.9982	0.2146	0.9730
673	0.0082	0.9984	0.2199	0.9715
674	0.0054	0.9984	0.2511	0.9668
675	0.0042	0.9990	0.2462	0.9695
676	0.0018	0.9992	0.2724	0.9660
677	0.0013	0.9995	0.2946	0.9668
678	0.0036	0.9987	0.2225	0.9738
679	0.0045	0.9992	0.3001	0.9652
680	0.0054	0.9979	0.2135	0.9695
681	0.0060	0.9992	0.2336	0.9761
682	0.0029	0.9992	0.2281	0.9742
683	0.0111	0.9979	0.1599	0.9761
684	0.0046	0.9974	0.2050	0.9644
685	0.0065	0.9979	0.1915	0.9687
686	0.0073	0.9984	0.1881	0.9742
687	0.0031	0.9990	0.2050	0.9769
688	0.0013	0.9995	0.3793	0.9503
689	0.0070	0.9982	0.2072	0.9699
690	0.0016	0.9997	0.2336	0.9769
691	0.0032	0.9982	0.3117	0.9613
692	0.0022	0.9995	0.2599	0.9648
693	0.0056	0.9982	0.2394	0.9699
694	0.0054	0.9979	0.2231	0.9730
695	0.0022	0.9984	0.2242	0.9695
696	0.0030	0.9982	0.2126	0.9750
697	0.0019	0.9990	0.2678	0.9738
698	0.0040	0.9984	0.2722	0.9761
699	0.0116	0.9982	0.1734	0.9769
700	0.0028	0.9990	0.2192	0.9738
701	0.0019	0.9995	0.2290	0.9734
702	0.0034	0.9990	0.2016	0.9777
703	0.0023	0.9987	0.2866	0.9683
704	0.0065	0.9982	0.2472	0.9683
705	0.0012	0.9995	0.3138	0.9687
706	0.0046	0.9984	0.1998	0.9761
707	0.0050	0.9992	0.2068	0.9746
708	0.0054	0.9984	0.3508	0.9644
709	0.0037	0.9984	0.2210	0.9742
710	0.0045	0.9990	0.1547	0.9761
711	0.0033	0.9992	0.1926	0.9758
712	0.0028	0.9990	0.2021	0.9781
713	0.0028	0.9992	0.2358	0.9668
714	0.0020	0.9995	0.2487	0.9754
715	0.0011	0.9997	0.2604	0.9734
716	0.0054	0.9984	0.2791	0.9722
717	0.0019	0.9990	0.2498	0.9761
718	0.0012	0.9995	0.2463	0.9722
719	0.0014	0.9995	0.3040	0.9718
720	0.0062	0.9969	0.2272	0.9773
721	0.0070	0.9977	0.2047	0.9734
722	0.0023	0.9990	0.2381	0.9758
723	0.0060	0.9990	0.2909	0.9718
724	0.0029	0.9987	0.3325	0.9683
725	0.0016	0.9990	0.2507	0.9730
726	0.0050	0.9990	0.2737	0.9711
727	0.0022	0.9987	0.2844	0.9722
728	0.0014	0.9997	0.3354	0.9687
729	0.0012	0.9995	0.3469	0.9722
730	0.0039	0.9995	0.3101	0.9730
731	0.0044	0.9992	0.2801	0.9715
732	0.0090	0.9982	0.2106	0.9718
733	0.0039	0.9979	0.2649	0.9730
734	0.0026	0.9990	0.2173	0.9758
735	0.0012	0.9995	0.2432	0.9730
736	0.0026	0.9995	0.2268	0.9769
737	0.0032	0.9992	0.2386	0.9738
738	0.0027	0.9995	0.2799	0.9758
739	0.0029	0.9987	0.2508	0.9738
740	0.0013	0.9995	0.2375	0.9773
741	0.0041	0.9992	0.4430	0.9511
742	0.0024	0.9992	0.2301	0.9699
743	0.0025	0.9992	0.2673	0.9730
744	0.0013	0.9990	0.2433	0.9758
745	0.0016	0.9995	0.2700	0.9769
746	0.0071	0.9984	0.2130	0.9765
747	0.0038	0.9987	0.2435	0.9773
748	0.0021	0.9992	0.2683	0.9695
749	0.0056	0.9977	0.2141	0.9742
750	0.0010	0.9997	0.2794	0.9632
751	0.0009	0.9997	0.2139	0.9793
752	0.0010	0.9997	0.3080	0.9648
753	0.0064	0.9974	0.2461	0.9742
754	0.0031	0.9982	0.2528	0.9726
755	0.0070	0.9987	0.2184	0.9746
756	0.0009	0.9992	0.2630	0.9734
757	0.0019	0.9995	0.2230	0.9742
758	0.0021	0.9995	0.4561	0.9515
759	0.0015	0.9990	0.3592	0.9648
760	0.0024	0.9990	0.2500	0.9781
761	0.0113	0.9971	0.3132	0.9625
762	0.0057	0.9982	0.2961	0.9574
763	0.0053	0.9987	0.1770	0.9758
764	0.0043	0.9990	0.1897	0.9715
765	0.0030	0.9995	0.2442	0.9738
766	0.0062	0.9977	0.2133	0.9758
767	0.0035	0.9987	0.1860	0.9789
768	0.0027	0.9990	0.2471	0.9730
769	0.0028	0.9990	0.1984	0.9730
770	0.0027	0.9990	0.2146	0.9761
771	0.0028	0.9990	0.2135	0.9750
772	0.0030	0.9990	0.1988	0.9769
773	0.0020	0.9995	0.2617	0.9722
774	0.0026	0.9997	0.2793	0.9734
775	0.0038	0.9987	0.2125	0.9754
776	0.0041	0.9977	0.2065	0.9746
777	0.0023	0.9987	0.2308	0.9754
778	0.0024	0.9990	0.2665	0.9703
779	0.0034	0.9990	0.2430	0.9754
780	0.0041	0.9982	0.2462	0.9711
781	0.0058	0.9992	0.1621	0.9820
782	0.0036	0.9984	0.2107	0.9750
783	0.0012	1.0000	0.3081	0.9730
784	0.0011	0.9992	0.3174	0.9750
785	0.0027	0.9990	0.2839	0.9718
786	0.0083	0.9974	0.2434	0.9715
787	0.0029	0.9992	0.2589	0.9711
788	0.0090	0.9966	0.2249	0.9664
789	0.0015	0.9995	0.2264	0.9726
790	0.0026	0.9992	0.2584	0.9726
791	0.0016	0.9997	0.2355	0.9781
792	0.0016	0.9992	0.2740	0.9711
793	0.0022	0.9987	0.3188	0.9628
794	0.0084	0.9990	0.2169	0.9738
795	0.0024	0.9987	0.2726	0.9722
796	0.0044	0.9982	0.2340	0.9703
797	0.0026	0.9987	0.2460	0.9734
798	0.0022	0.9990	0.2309	0.9722
799	0.0041	0.9992	0.2405	0.9750
800	0.0039	0.9982	0.2176	0.9758
801	0.0034	0.9984	0.1953	0.9738
802	0.0013	0.9992	0.2346	0.9738
803	0.0047	0.9984	0.2277	0.9750
804	0.0021	0.9992	0.2570	0.9722
805	0.0028	0.9987	0.2466	0.9703
806	0.0022	0.9987	0.2655	0.9758
807	0.0015	0.9992	0.3561	0.9621
808	0.0055	0.9977	0.2546	0.9715
809	0.0025	0.9990	0.2744	0.9683
810	0.0019	0.9992	0.2995	0.9769
811	0.0030	0.9995	0.2747	0.9738
812	0.0037	0.9987	0.2769	0.9707
813	0.0009	0.9995	0.2798	0.9738
814	0.0054	0.9982	0.3209	0.9597
815	0.0023	0.9990	0.2942	0.9758
816	0.0078	0.9974	0.3582	0.9578
817	0.0021	0.9992	0.1963	0.9793
818	0.0028	0.9997	0.2257	0.9777
819	0.0023	0.9987	0.2052	0.9761
820	0.0022	0.9997	0.2200	0.9742
821	0.0017	0.9997	0.2415	0.9761
822	0.0018	0.9992	0.3249	0.9679
823	0.0035	0.9984	0.2999	0.9707
824	0.0072	0.9984	0.2146	0.9746
825	0.0020	0.9992	0.2703	0.9738
826	0.0027	0.9982	0.2983	0.9750
827	0.0016	0.9995	0.2314	0.9773
828	0.0021	0.9987	0.2414	0.9746
829	0.0046	0.9974	0.2662	0.9754
830	0.0022	0.9987	0.3155	0.9738
831	0.0050	0.9987	0.2433	0.9695
832	0.0030	0.9990	0.2830	0.9730
833	0.0041	0.9990	0.2653	0.9742
834	0.0015	0.9995	0.2686	0.9738
835	0.0034	0.9987	0.2049	0.9777
836	0.0032	0.9992	0.2686	0.9679
837	0.0020	0.9990	0.2477	0.9761
838	0.0031	0.9990	0.2702	0.9746
839	0.0023	0.9990	0.2654	0.9754
840	0.0022	0.9987	0.3123	0.9699
841	0.0046	0.9979	0.3906	0.9687
842	0.0021	0.9984	0.2790	0.9754
843	0.0011	0.9992	0.2680	0.9746
844	0.0024	0.9987	0.2451	0.9758
845	0.0020	0.9987	0.2325	0.9754
846	0.0054	0.9982	0.2331	0.9754
847	0.0031	0.9990	0.2670	0.9715
848	0.0013	0.9992	0.2279	0.9785
849	0.0011	0.9995	0.3680	0.9671
850	0.0006	1.0000	0.2903	0.9691
851	0.0008	1.0000	0.3160	0.9715
852	0.0022	0.9995	0.3026	0.9711
853	0.0028	0.9992	0.2590	0.9746
854	0.0030	0.9987	0.2803	0.9765
855	0.0033	0.9990	0.2823	0.9675
856	0.0011	0.9995	0.2716	0.9754
857	0.0021	0.9987	0.3318	0.9746
858	0.0062	0.9984	0.3115	0.9758
859	0.0026	0.9995	0.2487	0.9734
860	0.0043	0.9990	0.3089	0.9734
861	0.0081	0.9984	0.3308	0.9660
862	0.0045	0.9982	0.2218	0.9726
863	0.0035	0.9992	0.2609	0.9734
864	0.0017	0.9995	0.2426	0.9711
865	0.0029	0.9979	0.1904	0.9773
866	0.0019	0.9992	0.1880	0.9773
867	0.0032	0.9987	0.2582	0.9722
868	0.0035	0.9987	0.2278	0.9754
869	0.0024	0.9984	0.2186	0.9742
870	0.0023	0.9984	0.2576	0.9754
871	0.0037	0.9992	0.2469	0.9715
872	0.0079	0.9977	0.2203	0.9718
873	0.0053	0.9987	0.2356	0.9754
874	0.0014	0.9997	0.2910	0.9656
875	0.0013	0.9992	0.3027	0.9711
876	0.0023	0.9992	0.3272	0.9668
877	0.0013	0.9995	0.2738	0.9746
878	0.0010	0.9995	0.2232	0.9761
879	0.0037	0.9990	0.2859	0.9683
880	0.0023	0.9992	0.2454	0.9730
881	0.0024	0.9992	0.2350	0.9765
882	0.0015	0.9997	0.2253	0.9777
883	0.0036	0.9992	0.3314	0.9660
884	0.0054	0.9977	0.2509	0.9711
885	0.0013	1.0000	0.2287	0.9789
886	0.0010	0.9997	0.2103	0.9789
887	0.0012	0.9995	0.2704	0.9715
888	0.0048	0.9992	0.2411	0.9754
889	0.0020	0.9995	0.2969	0.9722
890	0.0044	0.9984	0.3255	0.9660
891	0.0044	0.9990	0.2478	0.9765
892	0.0079	0.9990	0.2307	0.9738
893	0.0029	0.9987	0.1911	0.9789
894	0.0015	0.9992	0.3435	0.9652
895	0.0039	0.9982	0.3054	0.9718
896	0.0012	0.9992	0.2434	0.9738
897	0.0014	0.9995	0.2630	0.9718
898	0.0048	0.9992	0.2341	0.9742
899	0.0026	0.9992	0.2401	0.9750
900	0.0030	0.9987	0.2713	0.9695
901	0.0045	0.9992	0.2536	0.9738
902	0.0013	0.9995	0.2185	0.9750
903	0.0026	0.9990	0.2431	0.9750
904	0.0019	0.9992	0.2089	0.9754
905	0.0018	0.9995	0.2229	0.9765
906	0.0037	0.9987	0.2549	0.9754
907	0.0016	0.9987	0.3434	0.9664
908	0.0021	0.9990	0.2860	0.9738
909	0.0028	0.9995	0.2483	0.9746
910	0.0014	0.9995	0.2739	0.9730
911	0.0018	0.9992	0.2754	0.9722
912	0.0013	0.9997	0.3705	0.9671
913	0.0010	1.0000	0.3511	0.9679
914	0.0053	0.9987	0.2829	0.9703
915	0.0034	0.9987	0.2752	0.9738
916	0.0068	0.9987	0.2476	0.9742
917	0.0061	0.9982	0.2526	0.9707
918	0.0051	0.9995	0.2031	0.9761
919	0.0016	0.9995	0.1978	0.9699
920	0.0015	0.9992	0.1933	0.9773
921	0.0016	0.9995	0.2277	0.9754
922	0.0013	0.9995	0.2030	0.9801
923	0.0032	0.9992	0.2368	0.9781
924	0.0046	0.9977	0.2213	0.9797
925	0.0031	0.9992	0.2277	0.9761
926	0.0028	0.9990	0.2803	0.9699
927	0.0044	0.9984	0.3079	0.9718
928	0.0006	1.0000	0.2735	0.9656
929	0.0057	0.9984	0.1906	0.9754
930	0.0018	0.9995	0.2224	0.9765
931	0.0051	0.9979	0.2247	0.9761
932	0.0025	0.9987	0.2560	0.9726
933	0.0015	0.9992	0.3799	0.9671
934	0.0020	0.9992	0.5101	0.9456
935	0.0023	0.9990	0.3056	0.9738
936	0.0070	0.9982	0.2249	0.9742
937	0.0030	0.9992	0.2437	0.9730
938	0.0019	0.9995	0.2119	0.9758
939	0.0009	1.0000	0.2351	0.9773
940	0.0043	0.9984	0.2311	0.9726
941	0.0030	0.9990	0.2323	0.9758
942	0.0020	0.9987	0.2490	0.9769
943	0.0019	0.9995	0.2557	0.9730
944	0.0027	0.9987	0.2462	0.9722
945	0.0019	0.9995	0.2796	0.9687
946	0.0007	1.0000	0.2352	0.9761
947	0.0027	0.9990	0.2626	0.9691
948	0.0013	0.9995	0.2682	0.9758
949	0.0061	0.9987	0.9654	0.8866
950	0.0013	0.9997	0.2591	0.9758
951	0.0018	0.9990	0.2664	0.9734
952	0.0083	0.9982	0.2686	0.9715
953	0.0038	0.9982	0.2465	0.9679
954	0.0019	0.9992	0.2156	0.9769
955	0.0015	0.9990	0.2503	0.9777
956	0.0032	0.9990	0.3559	0.9632
957	0.0038	0.9987	0.2334	0.9761
958	0.0041	0.9992	0.2203	0.9773
959	0.0026	0.9990	0.2276	0.9738
960	0.0018	0.9995	0.2411	0.9769
961	0.0050	0.9979	0.2522	0.9750
962	0.0037	0.9990	0.1958	0.9793
963	0.0035	0.9984	0.2076	0.9793
964	0.0097	0.9984	0.3179	0.9558
965	0.0030	0.9992	0.3020	0.9574
966	0.0013	0.9995	0.1903	0.9726
967	0.0078	0.9984	0.2262	0.9754
968	0.0027	0.9987	0.2002	0.9789
969	0.0035	0.9990	0.2074	0.9769
970	0.0014	0.9995	0.2309	0.9785
971	0.0027	0.9990	0.2572	0.9695
972	0.0018	0.9995	0.2197	0.9781
973	0.0014	0.9997	0.2183	0.9718
974	0.0024	0.9997	0.2727	0.9730
975	0.0020	0.9987	0.2916	0.9742
976	0.0015	0.9997	0.3736	0.9691
977	0.0013	0.9992	0.2626	0.9781
978	0.0057	0.9987	0.2368	0.9773
979	0.0024	0.9990	0.3481	0.9664
980	0.0025	0.9992	0.3174	0.9668
981	0.0034	0.9984	0.5137	0.9363
982	0.0100	0.9977	0.2507	0.9718
983	0.0029	0.9990	0.4140	0.9515
984	0.0021	0.9990	0.2654	0.9660
985	0.0026	0.9990	0.2221	0.9734
986	0.0056	0.9982	0.1899	0.9781
987	0.0016	0.9990	0.2201	0.9765
988	0.0014	0.9992	0.2478	0.9754
989	0.0019	0.9997	0.3341	0.9742
990	0.0019	0.9995	0.3136	0.9703
991	0.0051	0.9990	0.2282	0.9742
992	0.0017	0.9987	0.2412	0.9777
993	0.0035	0.9990	0.2414	0.9742
994	0.0018	0.9995	0.2775	0.9750
995	0.0026	0.9995	0.2489	0.9742
996	0.0015	0.9990	0.3054	0.9625
997	0.0089	0.9987	0.3735	0.9449
998	0.0013	0.9992	0.2722	0.9758
999	0.0026	0.9992	0.2221	0.9769
1000	0.0028	0.9990	0.2320	0.9726
